878 um.

ιιι.88871.,118ῃ117111111111111-11- 877711. -ι- 81811817181171171

1111171, 7781111, 11 171187 11111711111
11111, 1771111111. 88818111

. we? 7ιὲιῶώέ 11111ιᾶ17 17·
1111 1 1. 111-

1111. ·

711171 87117171 1811717111 1111711817·

’ 711, 681181 1111171117 1711 1111111-
7711111 1771111 7117711111, 7871.

811111 11171 11111 17717711, 72871.-
7281 7118111 7117111111711111, 828
1111, 1111171111, 1781117. 8781118,
81117171, 888171 8711117118711. 11-
1111111 81111 8817177 71171111 1111111,
msa„ 81111 111 71171111, 1117 11-
11111 111117771187 1111111117881117.;
171. 1111111111. ‹

811111188111711.

81711. - 71711771 171111111811811
11111711111 71111 11177111, 117111111·
1111, 11171 1117 111117, 111711 111 1717
171, 8581. 11181 71111 8111711111 111111

“ 1118111141111717111177111, asum

71ιιι 817 1111177111 11111111171111711

Verbum, 8117118111 17 7771717111, 82

11171 717111 1717 1111111 171117 11117

1111181711, 1111711771 11111111711711-

11711111111, 2881181 7111 111 11171

711778111111111177111 1111171717, 8217.

’ -14877711,

871771. - 81117111 111 8177111 81111
7117111171 8821. 7. 177. 8821.7.; hne-
111717 Corinthii 81117111 8117111 111-
111 11171111 11711111, 824 md.

8741771 171178111171111, 1117 1111771, 17 .

11111, qui 1771111 1171117 11181711, ’284
md. 88811711 8171771 117 81711 17 Fi-
7711, 8821181 8171771 17, qui recitem,
871711188171711 111 1717 11117111111-
1711111, 2881117.; 77111188181111711711,
88411181 111178171 71171 17877 88171
7118181117, 88271.

Fides 11111 177, 82811711 81711141 iis,

11117171171171111111111117111, 7781. 7..

11111 1178177 771 11117111, 1111 1117111
1111171 1117, 88811711 81711 simplex
1117111 171111181111111111711, 48271.
177 78811117. ,- 871711 111 11111 111

. 17711711, 778181 1111 818111 71181-

111171, 88411117. -·· 771711 8111111111
verorumque 11771771 1111111111 1111-
1111111, 8411181 81711 8711718111, 788
1117, 11171ιί11 1118117111, 7271, 788
1118 8281111. 888118.

871111 1181711811 817171, 88118. 778
1. 7. 7881117. 111. 8881171. 7781. 7. 3 811-
11111118117117711711111718111,48471.

777171 8111871771, 74817.

Filio-Puer 11711 11811111711 111111
1111 1111181711171771, 111 8181777117

Filium 11111111 1177111, 81117.

1711, 28117111188717771111111
1117 47811181 87711 1111171 1111111
4111 11711111 17118111 1111, qui 1117·
111 17117111 111 1817111111 1711811,
84 1181 777711 177177 17717 11711111 117
1111111 17117111, 7741. 71 887 11111-
117111111 1111111111, 117 1111111181
88871, 1111111111, 111 11111111, 778
11117. (Scriptura 711111 177111 7111171
filiis 71177 11111117, 28811871 7711111-
111 11117811 111118171181711,117117
17117711 ιι 1111177, 28871. 75811771
87711111 111111 11 111171 171111, ²ae
md.; 777711 1111177811118111171111
1111711, 22811118, 17 71111711, 711
111111 111 11118117, 47871. 18111
111, qui ob 11717111 811 111711 7111
7118111711, 8871. ·- 777711 8171
1171111111, 4111. 788118. 777187
888118. 7881117.788114.88471;1111
71 V. 71111111111111711,842111.;111
11111118811, quo 8777 1111111·
1171 1111111111, 281117. 877111
1171 7717177111 1111171 117 1111117
7711, 78811118. 7881171, 711717
1111111 771711, 111 1111118188
711, 7881118118. 7781. 11178118
111111 y 711111 (117. 711171 7711171
1111771717 1717811111111117178617
11711, 48871. 78811711 1711 Μ ff·
811. 8111.81111171111711181778
11871111 1111111111 81727717. 717
11117. 7881. 7., 1117777711 1771711111
mn, ,1111111111 11. 11 778
qnod ex 1111181111, 71117 71 711817
111 nominantur, 8781181 871717

,81711 11111117 11 171 1711 11717118

11111 nequit, 11111.. ww
11 111 11111 (11. 1111 11 w
(10. 11, 117, quanm 11, m·
quomodo, 488 71, 771 17 wilm '⁸'
1171118111111, 1111711 71 11871187·
11111 7171777117 17 171178117 ΝΜ·
1111. 11111 1111. 11111781·
md„ 11 1111111 11 heum*
1771111771 11117111 11 1117111 ΜΨ
1111111111 1111111118 717
11117181 (vd. 81171 1111 111 ι 17 'kz
1117 181711 81811, 77871, 1177 ⁶¹·

·ι11.1111.·11.1111.,111111“7’

1111,48217,1.·11171111711171818871
1711174111 11118181771ΜᾸΨ1Ἓ
77888777* 77787
111111 ’17711171 117 1117111877Μι
881117. min.) 117 111111 stiffi

’777187 111 1111111, 11111171
7117. 8111111717,11·111111111171

11 1111, 1. 1111. 111171171771ι

 

