'um suumomni.

³2. 33. p· 806.
Ι1-13. 1. 632. 391. 100. .
kssfflmm¹
1. p. 34. 616.

1. 36. 1. 610.

’1. 1638.

1. 1. 638.

9.1. 116. 422.
mmm
16. 1. 896. 902932.
18. 1. 6. 638. 616. 680.
. 611928.
21. 1. 808.
30-38. 1. 628. ’
301. 16. 66. 68. 62
10. 18. 96131162.
216.Χ 361. 398. 166.
168. 112. 182. 196.
616. 604. 608. 612.
m 628. 630. 831.
612. 616. 662. 162.
131. 800. 026.
31 sqq. p. 548.
,, ‚ , 33118162618626.
11, p, 513, m 816. 860.
11111ω. 66131

mmm mmmm

30. p. 638. 31. 8. p. 628. ,
amma mmmmmm
mmmm mm

33. p. 52⁴. ῃ

1 sqq. 1. 866.
14. 1. 642.ζ

26. 1. 666.

31. 1. 618. 640.
65. 1. 618.

43. 44. 1. 630.
111. 18.

ΧΙΙ21. 28. 1. 616.
46310· 31331323·
mmmm aba·
1 mmm
mmm. stum.
mmm 4mmmmm
mmm mmmm.
m· 4mmmm

1mm m
mmmmm& 61Μ32
πωωα mmmmmmz

3mffi m

35. 36. 1. 138. ³. p, 424, 4³2. .
616666· 1116Μ161
818 16163111
wffimm mmmmm
mfflffl· emmstffim
mmm. mam

6181 11111

61. 1. 606. 9-13, 1. 631.
66. p. 112396. 620. 636. 9, 10⁸ p, 116, maza

6. 1. 642.
301. 18. 802.
31. p. 616.
38-401 Ρ· ³98·
38. 1. 411.
12. 1. 620.
44. p. 110.
46. 1. 212.
46. 1. 68. 330.

m mmmm'm

1111631111 1. 1 4. ο. ⁴0. 11 τε.

W

108. 134. 160. 17⁸.
mmmm
mmmm
mmmm
mmm

1mmwmwmm
mmmmm-
mmmmm
mmmm

, 142. 162. 166. 181.

11. 168. 96. 612. 198.
12. 1. 364 632.

161. 130.

11. 1. 148.

231. 312. 182. 116.
110116. .

28821. 662. 682. 120.
28. 29. 1. 112.

28. 1. 268. 111.

30. 1. 132. 890. 920.

11.

1. 1. 108. 110.

61. 110.

201130·

22 1. 632.

26. 1. 216. 250. 682.
100. 130. 148166.

111.

1. 1. 120.

12. 131. 191.

13. 14. 1. 260. 166.
14. 16. 1. 180.

14. p. 116. 120.

16. 1. 211. 320. 331.
168. 638. 661. 100.
160. 166. 166. 181.
26. 1. 318.

28. 1. 6. 610.

·³mm

mmmm

xvn.

1. 1641616. 662.
81. 168. 416.

4. 1426. 120.

6. 1. 221618646928.
1-9.1. 616.

10. 61. 168. 638. 160.
11. 1. 496.

11. 1. 212. 602.

18. 19. 1. 242.

19. 1. 232.
20-23.1.196.

20. 1, 611.

21. p. 312. 610.

22. 1. 248. 606.

23. 1. 606.

zmm
&mmm

 

