1111111111 1111 11111111, 1111 1111
ubuum 1111111111, 11111, 111
nquam 1111111111 1111111111111,
uo 1111111111, 11111.; 111 11111111
1 corpori· upon, 1111. 1811, 111111-
1111 11 11111111111111111111111, 1111111.
’.8011.,111111111111111,(11.1111111-
. 1 1 11); omnin 111111111111111111 111-
1111111, 16111.11111111111111111 1111-
111 utque potentin, 1111111 onia 111
11111111 111111. 91111.; 111 11111 11111-
1111111, principium, 1111111111, 1111
1111111111 11111111, 1111111111 1111111
sd. 1111. tinem 111 111111, 1021111
1111111111111111, 101.1,; semper 11
nune 110111 111, 10111. 201111 11-
hendo 11111111111111, 1111.1.,111111
vult 1111111111 mon 1111, meum
post Verbi generationum 111 impar
1111111 1111111111 11111111, 131111,
11 impium 111111111, 1111111111ιί-
111111 111 11118111111 11111111 111-
ducere, 2011, 111 11111111111111111·
111111111111 111111, 211111. 311111.
338111 11111 1111111111111. 0111·
111) per proprium 1111111, 91111, 11
Filium, 28111, 1111111111 11111111-
111,301.111., 1111111 111, 111111
Patre. 11111 111111 11111111 111, 9011,
creator 11111 111. 01111111, 11 11111-
num, 11111.; 11 1111111111 1111111,
286111 111111 potnit 111111, 2011.
1111 111 11111 1111111111, 111 11
11111, 11111.; 1 1111111 11· 11111111
producere 11 1111111111 1111111, 128
111.; 1111111111111111111111111
sint, 311111 111 111 111111 111111111-
1111 1111111111, 0101.1,; 1111 1111-
11111111 111111111111 (11. 11110. -
111. 1111111111 -· 01111111 11111,
11. 01111111. 011111111. 111111.
verbum. - 11111111111111 11 1111
opinionem 11. 111111 1961111. 1.
1111111111916.111111111111.
8111111111. -· 011111101111118
11.; 11111111111111111 11111 1111-
1111111111 11111 ,1111111111 111111, 102
111.; 111 11111, 11411. - 11111111
1111111, 11. 111111.
0111111111, 0181111. -· 11811111.
Diabolus pro 1111111111 (19811111.)
1 111111 1111111, mim 11 1111111111
1111191ῗῖ1 {atum 1ῧ111111 gagg&
11. m ;11111 11111 , .
890111. 111.; 11ιί1111111 11111111
111111 in 11111111 11111 1111111 1111
11 1111111111 11111111 111, 91211. 1.
111.; 111111 11111111, mm 11111 11
eo 1111111111, 912111 11111111 11111·
1111111 111, 918111 1111 111111111111

1173
11111. 1111111 01111111 1111111111
11111018 11111 111111 1111111 boum
1111111111111 1111111111, 9191.111.1111.;
1111 open 11111111 181111011111111,
912; 111 puter 1111111111 (111111 8111-
111111 11111 11111111, 1181111, 818
11 11111111
, . 11. 11. m .

md. 181111. 101111. 11811111·- err.
11111 10011112. 8111111.

’ 01111111 1111 11111111 1111111 11111,

920 md.

011111111 1111111111 11 1111111111, 120

md. 12411. 02111111198111. 01111.

11111111 11111 11111111111111.11111.
0111111111111 111111 1111111111111

111111, 811111.

111111111111111111111 1111111111

1111111111 1111111111, 102111, 1111111111
111111 1111111111111111111, 911.1.;
1111 11111111 11 1111111111 11111111-
11111111111111 8111111111 1111111 in
Pentapoli 1111111111, 11111. 0111100
1111. 108. 112111. 1111.111.111111.;
11111 1111111111, 111111111111111.
10011. 1081111. 112111. 1111. 111
11111 ob 111111 1 11111111 1111111111
opud Dionysium 1111111111 1111111111,
1111111 11111111 1111111111 11111111-
1111101111111
Apama.. 1111111111111111111.
Ι. 12011. 1211111. 12011. 12111. 111.
12211. w. 19011.); 11111111111111111-
111111111111111111 1111111 1111111 1111-

,1111 11 1111111 1111111, 111111. 1111.

12011. 12011.; 1111111111 11 1111111-
111 11111111, 94 111. 91 md. 1211. 1.,
111 1111111 11111, 1111111111 opiniones
111111, 10211. 10111. 10811. 112111.
1111111. 111111. 10211.. 1111111111
11111 1181111111111 11111111 11111-
1111111111111111,11111. 111111, 111

. 1111111111, 12211. 1921111. 111111.
· 131111, 111111111111 1111 111111-

monstretur, 1363 1111111111 11111111-
11111 opus 11 1111111111111111,
10011, 111111 non 111111111111111111
111111 (1001111.) 111 morantur 111-
1111111, 10211. 101111. 11. 11111,
11 temporit 11 111111111111111 (100
111.) 1111111111 (vd. 111111 1111111-
111 111, 111 1111111111 1111111111
exposuit, 11111111. 0011. 10111. 108
1111. 11112011112111. nond. 128
11111. 1121.111.; 11111111 11 11111

1111111111 1111111111 episcopatuque 111-
1111 noque 11 11111111 11111111, 01111.
1111111111

11111111011111,1111111“111111111 111111111111111111111 11111111 “

 

