77 17777, 176777 717777 777 7111777777-
77777 7777 77777, 77717 711777 7777177,
70 777. sqq. - 11777777 77777777

1061

77 67777777 S. 7777777 77777777 7777-
7777777, 8807.1.; 777777 naumurum
7777777777, 848 md.

1777777, 77.11777.- 777771 77177 7717777777 77777677177777777777777-

minimuum 077 7777777 7777777777 777-
7777777, 4727777, 7117777777 777 61777777
iem: 777 17 77777 777, 110 77., 77
77777 77171777 7777777777 77 7717777777
7777777777 777777777 77777777777, 480
7.
77777777, 86277. - 777. 1177777.
7777717.

77. a· 1177777777, 467777. 472 77.
77 7. 1. 494 7771. 7347. 7. 7767777777
7777777 7777777777 77777777 777 777606
771.; 777 7777777777 7777777777, 18277.
107771. 736777. 7767. 77771.; unu Tn'ui·
7777 717777 77 uuus, 18277. 710 777.;
mus 1771 17777, 16 7777.; 7777 771777,
7667777. 4727777. 4787.1.; uuum 177-
mm, 46 7777. 362 7. 777. 494 777. 734
77., 77277 unigenitum, 366 7777, 777
magu, 67717. 3627. 77., uu· 777777-
77, 3627. 77777 17777 cbristus 77 077
77 67777777 7777, 1702 77. 684 77777 77
7ο utruque 7777 7777, 8172 7777.; 87777·
us S. 7777, 7707777, 771 777777 77767,
{uod 777777 777, 77 1777, qui 777777 7777
777, 77777777 77 consubstantialis, 7347.
1.; 17777 (77777777 777 7777777, 7767.
’.; 777 77777777, 8727777 77777 77 77-
ius uuum 77777, 6271. 7667776187.
711. 17. 10, 30.; 77777 77 771777 777
7777777 suut, 7717 77777 77777 777 777
777 771777, 77 771777 771777 7777771777
ὶ7777, 777 7777 eurum 777777 777, 166
7771.; 77777 77771777 77777777, 777 7777
,7777 77 uuum 7777777777, 616 7777.; cur
77 uuum 77777 777777 77 777 dictum, 502
us. 77777.; uuum 17777 ’777 7177 77 0677777
777 seusu 77·17777777677 71777777, 614
7. md. -· Apollinarium uuum 7777 essu
licum, 680 7. md. 886 777. own. 936
771.; 777777 7717777 uuum 1777777 tum
3777777777, ’112 md.. 71 Putrem 71 Filium
77 uuum 77 utrumque 77717777 777 7777
7777777, quemadmodum 777 quoque 77
717 7777777777, 496 777. sqq. - 717.
17777777.

·s 7 77 77 crypta-urinum 7777777777, 822
md.

,7777 (777 77777 Duo 7777717771 777777,
618 s. 7. sqq 777777 7777777777 uum 77767
(1777777777 ex 77777 77777777. 8667. 1.’;
1777777777 archetypi 7777777 7 1777 777777-

37173 ἐξ 77777 77777777 7777777777,

7177377 7777717777 77777777, 822

71777777777, 748777.; 771777 7777777

777, 9367777 777 77777777 7777777 777·
71777 7777777, 648 7. 7777 7777 impietus,
366 777. 898 77717 7777777777 777777 7777
77777177 7777777776, 148 77., 7777 77-
777777 77 67177777, 783 7. 777. 711. 000 ,
777. (77. 777777 777177777717 7777-
177 777777 77777 7777777, 316 7. 77774
777777 7777717777 uua 77777 77 7777777
7177 7777177 7777767 777777777, 6667777.
698777.; 6177777777 77777777 777777777-
quu ungulatum 77777, 766 77.; 777-
uum curisti 7777777 07777777 7777 eum·
7777777 7777777777 771777777 7777177777
177777 7777777777, 7706 777. 922 77771. -
76. 7777777777 434777. 786 7. 777. 602777.

77777, 64777. 1067. 7. 128 77777 77777

uuum-uuum 71777777 06777777, qui· 11777
67771777 777, 118777.

77771777, 634777.
777777777777777, 218 77. nepum

7771777777177177.

77117 7777777 777 777777 777 quo-odo 777

8777777, 600773. 6077777 711777 777777
771777777, quu 7777 77777 7777, 7777777

7777 77777, 7717 77 7777777, 600777. 602
77.; 0777 qum 7717 777777 7117 muru
117777, 334 7777.

777777 7777777777,771.7777777777; qui-

677 7777777677 77777 7777777717, 800777.
77777 77717 sumamma 777117 77777

77777777, 267 777.

77717777. -- 17776777 homiuum 7777177
quale 777 77 quomodo 71 77777777 77 “

676777 777777777, 13077. 77.; 1777777777
77777777 suum 77777 7777777777 77 77671

77777777 7777777777, 38 77.; 77777777ῑί7

“ 777177 huminum uum 77767 077, 366-

36277. - 77767 7717777777) 8777777777
717777 777777 scriptu-Md„ 77767
(Adrou) iu 8777777777 dueum 77 7777-
777777 77 7777777777, 7777 777 7777777777
77 7717777 777777 77717777 11777 7717777ἱ
366777. - Verbum 077 quomodo
7 77777 homiuum 7777777 77 77777777
77 77777777, 368-36277.; 777 77777-
77777, 77 ,177777 777777, 76 777 7777777
777777777, 364777. 711. 606 7. 1.; 77
8777777777 17777777 7777777777777, quaudo
77 7777777777 777177 17777777, 7777717177
6777777777, 762 77.; 6771777777777777
uu 77761 unu 7777777777 7777777 17777-
777, mum· subiungit, propter 777777
177777 1777777 777, 7777777 7777 77 7777
7777777777 77777777, omui: 7777717777-
simu 77777777, 396 7777. 77.; 6777777-
777 7776777 777776717777 eu 77777 07777,
7777 77 777777 extremis temporibus 77

6³*

 

